\documentclass{report}
\begin{document}
\section{Success Table}
\tiny
\begin{array}{rrrrrrrrrrrrrrrrrrrrrrrrrrrrr}
      EF    &    1&     2&     3&     4&     5&     6&     7&     8&     9&    10&    11&    12&    13&    14&    15&    16&    17&    18&    19&    20&   21&    22&    23&    24&    25&    26&    27&    28   \\
      0.50&  0.50&  1.00&  1.50&  2.00&  2.50&  3.00&  3.50&  4.00&  4.50&  5.00&  5.50&  6.00&  6.50&  7.00&  7.50&  8.00&  8.50&  9.00&  9.50& 10.00& 10.50& 11.00& 11.50& 12.00& 12.50& 13.00& 13.50& 14.00  \\
      1.00&  1.00&  2.00&  3.00&  4.00&  5.00&   6.00&   7.00&   8.00&   9.00&  10.00&  11.00&  12.00&  13.00&  14.00&  15.00&  16.00&  17.00&  18.00&  19.00&  20.00&  21.00&  22.00&  23.00&  24.00&  25.00&  26.00&  27.00&  28.00 \\
      1.50&  1.50&  3.00&  4.50&  6.00&  7.50&   9.00&  10.50&  12.00&  13.50&  15.00&  16.50&  18.00&  19.50&  21.00&  22.50&  24.00&  25.50&  27.00&  28.50&  30.00&  31.50&  33.00&  34.50&  36.00&  37.50&  39.00&  40.50&  42.00 \\
      2.00&  2.00&  4.00&  6.00&  8.00& 10.00&  12.00&  14.00&  16.00&  18.00&  20.00&  22.00&  24.00&  26.00&  28.00&  30.00&  32.00&  34.00&  36.00&  38.00&  40.00&  42.00&  44.00&  46.00&  48.00&  50.00&  52.00&  54.00&  56.00 \\
      2.50&  2.50&  5.00&  7.50& 10.00& 12.50&  15.00&  17.50&  20.00&  22.50&  25.00&  27.50&  30.00&  32.50&  35.00&  37.50&  40.00&  42.50&  45.00&  47.50&  50.00&  52.50&  55.00&  57.50&  60.00&  62.50&  65.00&  67.50&  70.00 \\
      3.00&  3.00&  6.00&  9.00& 12.00& 15.00&  18.00&  21.00&  24.00&  27.00&  30.00&  33.00&  36.00&  39.00&  42.00&  45.00&  48.00&  51.00&  54.00&  57.00&  60.00&  63.00&  66.00&  69.00&  72.00&  75.00&  78.00&  81.00&  84.00 \\
      3.50&  3.50&  7.00& 10.50& 14.00& 17.50&  21.00&  24.50&  28.00&  31.50&  35.00&  38.50&  42.00&  45.50&  49.00&  52.50&  56.00&  59.50&  63.00&  66.50&  70.00&  73.50&  77.00&  80.50&  84.00&  87.50&  91.00&  94.50&  98.00 \\
      4.00&  4.00&  8.00& 12.00& 16.00& 20.00&  24.00&  28.00&  32.00&  36.00&  40.00&  44.00&  48.00&  52.00&  56.00&  60.00&  64.00&  68.00&  72.00&  76.00&  80.00&  84.00&  88.00&  92.00&  96.00& 100.00& 104.00& 108.00& 112.00 \\
      4.50&  4.50&  9.00& 13.50& 18.00& 22.50&  27.00&  31.50&  36.00&  40.50&  45.00&  49.50&  54.00&  58.50&  63.00&  67.50&  72.00&  76.50&  81.00&  85.50&  90.00&  94.50&  99.00& 103.50& 108.00& 112.50& 117.00& 121.50& 126.00 \\
      5.00&  5.00& 10.00& 15.00& 20.00& 25.00&  30.00&  35.00&  40.00&  45.00&  50.00&  55.00&  60.00&  65.00&  70.00&  75.00&  80.00&  85.00&  90.00&  95.00& 100.00& 105.00& 110.00& 115.00& 120.00& 125.00& 130.00& 135.00& 140.00 \\
      5.50&  5.50& 11.00& 16.50& 22.00& 27.50&  33.00&  38.50&  44.00&  49.50&  55.00&  60.50&  66.00&  71.50&  77.00&  82.50&  88.00&  93.50&  99.00& 104.50& 110.00& 115.50& 121.00& 126.50& 132.00& 137.50& 143.00& 148.50& 154.00 \\
      6.00&  6.00& 12.00& 18.00& 24.00& 30.00&  36.00&  42.00&  48.00&  54.00&  60.00&  66.00&  72.00&  78.00&  84.00&  90.00&  96.00& 102.00& 108.00& 114.00& 120.00& 126.00& 132.00& 138.00& 144.00& 150.00& 156.00& 162.00& 168.00 \\
      6.50&  6.50& 13.00& 19.50& 26.00& 32.50&  39.00&  45.50&  52.00&  58.50&  65.00&  71.50&  78.00&  84.50&  91.00&  97.50& 104.00& 110.50& 117.00& 123.50& 130.00& 136.50& 143.00& 149.50& 156.00& 162.50& 169.00& 175.50& 182.00 \\
      7.00&  7.00& 14.00& 21.00& 28.00& 35.00&  42.00&  49.00&  56.00&  63.00&  70.00&  77.00&  84.00&  91.00&  98.00& 105.00& 112.00& 119.00& 126.00& 133.00& 140.00& 147.00& 154.00& 161.00& 168.00& 175.00& 182.00& 189.00& 196.00 \\
      7.50&  7.50& 15.00& 22.50& 30.00& 37.50&  45.00&  52.50&  60.00&  67.50&  75.00&  82.50&  90.00&  97.50& 105.00& 112.50& 120.00& 127.50& 135.00& 142.50& 150.00& 157.50& 165.00& 172.50& 180.00& 187.50& 195.00& 202.50& 210.00 \\
      8.00&  8.00& 16.00& 24.00& 32.00& 40.00&  48.00&  56.00&  64.00&  72.00&  80.00&  88.00&  96.00& 104.00& 112.00& 120.00& 128.00& 136.00& 144.00& 152.00& 160.00& 168.00& 176.00& 184.00& 192.00& 200.00& 208.00& 216.00& 224.00 \\
      8.50&  8.50& 17.00& 25.50& 34.00& 42.50&  51.00&  59.50&  68.00&  76.50&  85.00&  93.50& 102.00& 110.50& 119.00& 127.50& 136.00& 144.50& 153.00& 161.50& 170.00& 178.50& 187.00& 195.50& 204.00& 212.50& 221.00& 229.50& 238.00 \\
      9.00&  9.00& 18.00& 27.00& 36.00& 45.00&  54.00&  63.00&  72.00&  81.00&  90.00&  99.00& 108.00& 117.00& 126.00& 135.00& 144.00& 153.00& 162.00& 171.00& 180.00& 189.00& 198.00& 207.00& 216.00& 225.00& 234.00& 243.00& 252.00 \\
      9.50&  9.50& 19.00& 28.50& 38.00& 47.50&  57.00&  66.50&  76.00&  85.50&  95.00& 104.50& 114.00& 123.50& 133.00& 142.50& 152.00& 161.50& 171.00& 180.50& 190.00& 199.50& 209.00& 218.50& 228.00& 237.50& 247.00& 256.50& 266.00 \\
     10.00& 10.00& 20.00& 30.00& 40.00& 50.00&  60.00&  70.00&  80.00&  90.00& 100.00& 110.00& 120.00& 130.00& 140.00& 150.00& 160.00& 170.00& 180.00& 190.00& 200.00& 210.00& 220.00& 230.00& 240.00& 250.00& 260.00& 270.00& 280.00 \\
		  &		 &		&	   &	  &		 &		 &		 &		 &		 &		 &		 &		 &		 &		 &		 &		 &		 &		 &		 &		 &		 &		 &		 &		 &		 &		 &		 &		  \\
        -1&-29.00&-28.00&-27.00&-26.00&-25.00& -24.00& -23.00& -22.00& -21.00& -20.00& -19.00& -18.00& -17.00& -16.00& -15.00& -14.00& -13.00& -12.00& -11.00& -10.00&  -9.00&  -8.00&  -7.00&  -6.00&  -5.00&  -4.00&  -3.00&  -2.00 \\
      -1.5&-43.50&-42.00&-40.50&-39.00&-37.50& -36.00& -34.50& -33.00& -31.50& -30.00& -28.50& -27.00& -25.50& -24.00& -22.50& -21.00& -19.50& -18.00& -16.50& -15.00& -13.50& -12.00& -10.50&  -9.00&  -7.50&  -6.00&  -4.50&  -3.00 \\
        -2&-58.00&-56.00&-54.00&-52.00&-50.00& -48.00& -46.00& -44.00& -42.00& -40.00& -38.00& -36.00& -34.00& -32.00& -30.00& -28.00& -26.00& -24.00& -22.00& -20.00& -18.00& -16.00& -14.00& -12.00& -10.00&  -8.00&  -6.00&  -4.00 \\
      -2.5&-72.50&-70.00&-67.50&-65.00&-62.50& -60.00& -57.50& -55.00& -52.50& -50.00& -47.50& -45.00& -42.50& -40.00& -37.50& -35.00& -32.50& -30.00& -27.50& -25.00& -22.50& -20.00& -17.50& -15.00& -12.50& -10.00&  -7.50&  -5.00 \\
        -3&-87.00&-84.00&-81.00&-78.00&-75.00& -72.00& -69.00& -66.00& -63.00& -60.00& -57.00& -54.00& -51.00& -48.00& -45.00& -42.00& -39.00& -36.00& -33.00& -30.00& -27.00& -24.00& -21.00& -18.00& -15.00& -12.00&  -9.00&  -6.00 \\
\end{array}
\end{document}





